calle_industria_albacete_1000_0_candidates_122_ns_8.json
num_candidates is 122, to select 8 stations

Best Solution: [0, 0, 0, 0, 0, 1, 0, 0, 0, 0, 0, 0, 0, 0, 0, 1, 0, 0, 0, 0, 0, 0, 0, 0, 0, 1, 0, 0, 0, 0, 0, 1, 0, 0, 0, 0, 0, 1, 0, 0, 0, 0, 0, 0, 0, 0, 0, 0, 0, 0, 0, 0, 0, 0, 0, 0, 0, 0, 0, 0, 0, 0, 0, 0, 0, 0, 0, 0, 1, 0, 0, 1, 0, 0, 0, 0, 0, 0, 0, 0, 0, 1, 0, 0, 0, 0, 0, 0, 0, 0, 0, 0, 0, 0, 0, 0, 0, 0, 0, 0, 0, 0, 0, 0, 0, 0, 0, 0, 0, 0, 0, 0, 0, 0, 0, 0, 0, 0, 0, 0, 0, 0]
[936169261,672072225,1256602818,1529570474,434014641,335902337,1529476563,1835328248]

Best Solution Fitness: 44.348970466284236
A_star calls: 
	total --> 10178832 
	real --> 14762
Evaluated individuals: 
	total --> 50500 
	real --> 11161

