calle_cardenal_tabera_y_araoz_albacete_1000_2_candidates_104_ns_22.json
num_candidates is 104, to select 22 stations

Best Solution: [0, 0, 1, 0, 0, 1, 0, 0, 1, 0, 0, 0, 0, 0, 0, 0, 0, 0, 1, 0, 0, 0, 0, 0, 1, 0, 0, 0, 0, 0, 0, 0, 1, 0, 1, 0, 0, 0, 0, 0, 0, 0, 0, 0, 0, 0, 0, 0, 1, 0, 0, 0, 0, 0, 0, 0, 0, 0, 0, 0, 0, 1, 1, 1, 0, 0, 0, 0, 0, 0, 0, 0, 0, 1, 1, 1, 0, 1, 0, 0, 0, 0, 0, 0, 0, 0, 0, 1, 1, 0, 0, 0, 1, 1, 0, 0, 1, 1, 0, 0, 0, 0, 1, 0]
[1529476101,1863947927,1438664397,2896740692,1788243281,957151014,1396800403,1539110673,1835712038,1531612082,1531612218,1531646284,1835673980,2100366812,1264303765,435465452,268936893,2537613526,1529724407,950684162,344736237,1529476296]

Best Solution Fitness: 14.684467897608084
A_star calls: 
	total --> 34885752 
	real --> 10712
Evaluated individuals: 
	total --> 50500 
	real --> 19338

