expected:

The 13 stations will be located in intersections:
[ 24  29  42  52  58  65  89  91  93  99 102 107 115]

[1835353360,1897720516,1529475160,957161512,1526728370,1529475090,539831093,335606017,1835712027,1540598147,442882019,2028804164,2028804172]

with fitness: 3.2112156923025027e-10

-----

My GA provides

[0, 0, 0, 0, 0, 0, 0, 0, 0, 0, 0, 0, 0, 0, 0, 0, 0, 0, 0, 0, 0, 0, 0, 0, 1, 0, 0, 0, 0, 1, 0, 0, 0, 0, 0, 0, 0, 0, 0, 0, 0, 0, 1, 0, 0, 0, 0, 1, 0, 0, 0, 0, 1, 0, 0, 0, 0, 0, 1, 0, 0, 0, 0, 0, 0, 1, 0, 0, 0, 0, 0, 0, 0, 0, 0, 0, 0, 0, 0, 0, 0, 0, 0, 0, 0, 0, 0, 0, 0, 1, 0, 1, 0, 0, 0, 0, 0, 0, 0, 1, 0, 0, 1, 0, 0, 0, 0, 1, 0, 0, 0, 0, 0, 0, 0, 1, 0, 0]


The 13 stations will be located in intersections:
[ 24  29  42  47  52  58  65  89  91  99 102 107 115]

[1835353360,1897720516,1529475160,1835353368,957161512,1526728370,1529475090,539831093,335606017,1540598147,442882019,2028804164,2028804172]

//It misses 1835712027, and choosing instead 1835353368

with fitness: 0.1689876926282368
