calle_palmas_de_gran_canaria_albacete_1000_1_candidates_135_ns_13.json
num_candidates is 135, to select 13 stations

Best Solution: [0, 0, 1, 0, 0, 0, 1, 0, 0, 0, 0, 0, 0, 0, 0, 0, 0, 0, 0, 0, 0, 0, 0, 0, 0, 0, 0, 0, 0, 0, 0, 0, 0, 0, 0, 0, 1, 0, 1, 0, 0, 0, 1, 0, 0, 1, 0, 1, 0, 0, 0, 1, 1, 0, 0, 0, 0, 0, 0, 0, 0, 1, 0, 0, 0, 0, 0, 0, 0, 0, 0, 0, 0, 0, 0, 0, 0, 0, 0, 0, 0, 0, 0, 0, 0, 0, 0, 0, 0, 0, 0, 0, 0, 0, 0, 0, 0, 0, 0, 0, 0, 0, 0, 0, 0, 0, 0, 0, 0, 0, 1, 0, 0, 0, 0, 0, 0, 0, 0, 0, 0, 0, 0, 0, 0, 0, 0, 0, 0, 0, 0, 1, 0, 0, 1]
[1528672005,1636580982,4575714122,1534470825,1255547645,1835712029,1577713909,3720329437,1835328223,1526705382,1528181134,1526106002,6122163730]

Best Solution Fitness: 29.555897539474973
A_star calls: 
	total --> 32224348 
	real --> 18090
Evaluated individuals: 
	total --> 50500 
	real --> 20318

